48, 26, 23, 1700242224.9034822
48, 248, 24, 1700242225.2919447
56, 162, 24, 1700242225.6845508
47, 26, 23, 1700242226.0716872
47, 44, 23, 1700242226.463444
57, 57, 23, 1700242226.8534503
47, 53, 23, 1700242227.2435648
57, 58, 23, 1700242227.6334782
57, 54, 23, 1700242228.0233285
57, 253, 24, 1700242228.4134378
48, 196, 24, 1700242228.803162
56, 42, 23, 1700242229.1936138
57, 25, 23, 1700242229.583612
48, 22, 23, 1700242229.973513
50, 20, 24, 1700242230.3633993
57, 17, 23, 1700242230.7533824
58, 14, 23, 1700242231.1443121
48, 12, 24, 1700242231.5338104
74, 15, 24, 1700242231.9236448
57, 8, 24, 1700242232.31339
57, 7, 23, 1700242232.7033708
57, 6, 24, 1700242233.0940464
47, 10, 23, 1700242233.4842517
69, 14, 24, 1700242233.8734238
74, 20, 24, 1700242234.2640162
76, 25, 23, 1700242234.6538348
57, 29, 23, 1700242235.043464
48, 32, 23, 1700242235.433374
47, 37, 24, 1700242235.8235865
76, 37, 24, 1700242236.21251
57, 40, 24, 1700242236.603194
48, 195, 25, 1700242236.9936085
74, 249, 25, 1700242237.3834963
74, 61, 23, 1700242237.7738175
48, 62, 24, 1700242238.1634958
56, 60, 25, 1700242238.5548892
46, 58, 23, 1700242238.943621
50, 64, 24, 1700242239.3342524
56, 41, 25, 1700242239.723026
48, 49, 24, 1700242240.1136975
47, 50, 23, 1700242240.5035098
57, 53, 23, 1700242240.893538
55, 52, 23, 1700242241.2835102
56, 56, 23, 1700242241.673524
58, 54, 23, 1700242242.0637012
47, 61, 23, 1700242242.453609
58, 58, 23, 1700242242.8446124
47, 67, 23, 1700242243.2341466
74, 65, 25, 1700242243.623696
47, 70, 23, 1700242244.011889
74, 67, 23, 1700242244.4038723
47, 73, 25, 1700242244.7937531
57, 78, 25, 1700242245.18391
74, 9, 24, 1700242245.5737453
48, 9, 24, 1700242245.9633899
76, 44, 24, 1700242246.3536286
48, 44, 24, 1700242246.743685
47, 213, 23, 1700242247.1341975
58, 28, 24, 1700242247.5237122
74, 247, 24, 1700242247.914133
46, 43, 25, 1700242248.30357
46, 247, 23, 1700242248.6940823
74, 179, 24, 1700242249.0820673
56, 61, 23, 1700242249.4737437
46, 7, 24, 1700242249.8636298
48, 248, 23, 1700242250.2534764
48, 180, 23, 1700242250.6438403
75, 78, 24, 1700242251.0341911
47, 160, 24, 1700242251.4235613
48, 43, 24, 1700242251.8138344
74, 70, 24, 1700242252.2034736
47, 59, 24, 1700242252.5947125
47, 50, 23, 1700242252.984215
47, 46, 24, 1700242253.372445
47, 41, 23, 1700242253.7635894
47, 35, 24, 1700242254.15372
56, 35, 24, 1700242254.5448546
58, 35, 24, 1700242254.933452
57, 30, 24, 1700242255.3235433
47, 16, 24, 1700242255.7141705
48, 12, 24, 1700242256.1035838
58, 15, 23, 1700242256.4937603
47, 10, 24, 1700242256.883632
46, 27, 23, 1700242257.2734568
48, 162, 24, 1700242257.6648295
48, 35, 23, 1700242258.054486
47, 163, 23, 1700242258.4438517
47, 214, 23, 1700242258.8336275
48, 77, 24, 1700242259.2239218
47, 10, 23, 1700242259.6137562
46, 78, 24, 1700242260.002628
47, 78, 24, 1700242260.3938532
47, 51, 23, 1700242260.7824714
46, 54, 23, 1700242261.1738079
47, 47, 24, 1700242261.5636823
46, 61, 23, 1700242261.9523678
48, 17, 23, 1700242262.3442469
62, 59, 23, 1700242262.7334478
47, 213, 23, 1700242263.1237624
59, 57, 19, 1700242263.5136883
48, 56, 24, 1700242339.6625814
47, 55, 25, 1700242340.0527282
57, 53, 23, 1700242340.4424517
59, 56, 23, 1700242340.832666
49, 56, 24, 1700242341.222588
48, 53, 23, 1700242341.612382
48, 62, 24, 1700242342.0027559
48, 26, 24, 1700242342.3915322
47, 247, 24, 1700242342.7808652
48, 10, 23, 1700242343.1733944
47, 67, 23, 1700242343.5615706
47, 50, 23, 1700242426.7802355
47, 49, 23, 1700242427.1699052
46, 50, 23, 1700242427.5610957
46, 49, 24, 1700242427.9497561
46, 49, 24, 1700242428.339967
47, 50, 24, 1700242631.7266033
46, 213, 24, 1700242632.0204065
46, 247, 24, 1700242632.3101404
46, 78, 24, 1700242632.6040652
47, 51, 23, 1700242632.895
45, 51, 24, 1700242633.1892521
46, 52, 24, 1700242633.4823875
46, 52, 24, 1700242633.87185
47, 52, 24, 1700242634.1624079
47, 77, 24, 1700242634.457372
46, 43, 24, 1700242634.749008
46, 61, 24, 1700242635.041589
47, 61, 24, 1700242635.3327563
46, 52, 24, 1700242635.6268256
45, 43, 24, 1700242635.9178798
46, 52, 24, 1700242636.2115264
45, 52, 24, 1700242636.504422
45, 54, 24, 1700242636.7965586
33, 60, 24, 1700242637.0893555
32, 52, 24, 1700242637.3812113
17, 52, 24, 1700242637.6767535
14, 55, 24, 1700242637.9666057
17, 54, 24, 1700242638.2596185
28, 53, 24, 1700242638.5515797
46, 43, 24, 1700242638.84407
46, 55, 24, 1700242639.1367893
46, 52, 24, 1700242639.429047
40, 55, 24, 1700242639.722159
27, 248, 24, 1700242640.0140004
24, 61, 24, 1700242640.3069687
252, 46, 24, 1700242640.5991578
21, 43, 24, 1700242640.8916876
16, 9, 24, 1700242641.1840742
12, 77, 24, 1700242641.4777882
10, 26, 24, 1700242641.769223
12, 60, 24, 1700242642.0616546
13, 78, 24, 1700242642.3546908
19, 54, 24, 1700242642.6463244
22, 51, 24, 1700242642.9395316
24, 51, 24, 1700242643.231556
27, 61, 24, 1700242643.5241475
27, 49, 24, 1700242643.8166625
46, 61, 24, 1700242644.1075623
45, 59, 24, 1700242644.401715
46, 61, 24, 1700242644.6943233
45, 70, 24, 1700242644.9870732
45, 26, 24, 1700242645.2794404
45, 52, 24, 1700242645.5723393
45, 50, 24, 1700242645.8639343
46, 35, 24, 1700242646.1569352
46, 33, 24, 1700242646.44896
46, 52, 24, 1700242646.7416415
46, 5, 24, 1700242647.034111
46, 247, 24, 1700242647.3266366
45, 44, 24, 1700242647.6192257
46, 55, 24, 1700242647.9120166
45, 54, 24, 1700242648.204543
46, 66, 24, 1700242648.4965003
46, 52, 24, 1700242648.7893405
46, 52, 24, 1700242649.0798812
45, 53, 24, 1700242649.374206
46, 55, 24, 1700242649.6665473
45, 9, 24, 1700242649.9590538
46, 60, 24, 1700242650.2517858
46, 43, 24, 1700242650.5440636
46, 43, 24, 1700242650.8370762
46, 161, 24, 1700242651.12957
46, 52, 24, 1700242651.4213753
45, 52, 24, 1700242651.7131178
46, 54, 24, 1700242652.0177517
45, 32, 23, 1700242833.555826
45, 54, 23, 1700242834.3351514
46, 54, 24, 1700242835.1152384
46, 43, 24, 1700242835.8952513
46, 34, 24, 1700242836.6738956
46, 37, 24, 1700242837.4534528
46, 37, 24, 1700242838.2351499
46, 33, 24, 1700242839.0160024
46, 32, 24, 1700242839.795406
46, 33, 24, 1700242840.5758355
46, 61, 23, 1700242841.3562303
45, 33, 24, 1700242842.1352239
46, 34, 23, 1700242842.915281
46, 9, 24, 1700242956.6499333
46, 48, 23, 1700242957.4296796
46, 61, 24, 1700242958.2097564
46, 43, 23, 1700242958.990816
45, 43, 24, 1700242959.7697937
45, 61, 23, 1700242960.5497184
46, 26, 24, 1700243043.5229888
45, 248, 24, 1700243044.3024871
46, 10, 24, 1700243045.0814893
46, 179, 23, 1700243045.8623765
45, 9, 23, 1700243046.6430783
45, 77, 23, 1700243047.4228013
46, 161, 23, 1700243048.202484
47, 214, 23, 1700243048.9824312
46, 163, 23, 1700243049.7643056
45, 27, 24, 1700243050.5433376
45, 43, 24, 1700243051.3225293
46, 60, 23, 1700243052.10254
